c_width: 1280
c_height: 720
c_fps: 30

c_k1: -0.100261
c_k2: 0.102881
c_p1: -0.002110
c_p2: -0.005656

c_fx: 722.908264
c_fy: 729.075867
c_cx: 630.307437
c_cy: 356.951570

vfov: 64.0
